1
12
6
3
12
17
7
20
3
1
2
16
20
18
1
3
18
20
4
20
18
17
20
2
19
11
12
12
9
8
3
11
12
4
15
12
19
16
17
12
7
3
14
3
19
3
11
15
9
14
2
5
4
2
3
17
12
12
5
14
11
7
3
5
5
7
9
15
20
13
8
4
12
13
6
19
7
3
12
20
13
5
2
6
11
6
14
11
10
10
12
2
14
5
1
20
2
19
14
3
18
9
14
14
9
17
17
1
5
13
6
14
9
15
11
12
7
1
13
10
14
11
3
15
17
18
6
17
5
3
19
6
13
7
20
17
13
2
20
3
3
20
9
5
15
4
10
18
20
4
19
17
12
4
19
1
18
15
18
17
6
18
20
2
2
18
3
2
1
14
20
18
17
2
11
13
20
2
19
15
9
5
15
17
13
5
10
14
5
20
15
20
2
1
1
17
9
17
10
15
11
3
9
3
14
16
6
10
5
18
6
10
13
2
14
15
14
19
2
10
20
17
6
17
4
18
11
14
3
7
3
3
3
5
18
3
18
7
14
14
10
10
2
3
2
7
5
17
13
9
1
2
6
7
5
17
4
17
2
20
13
16
20
14
17
9
14
3
6
8
1
7
18
9
2
5
17
9
2
13
16
2
20
9
6
19
7
10
20
20
10
16
19
7
3
1
10
19
11
17
19
14
3
18
18
10
13
4
8
17
7
12
10
14
18
18
11
3
18
3
9
14
1
2
13
16
12
4
10
18
19
10
7
17
3
20
19
18
11
4
6
12
6
14
7
16
13
12
13
17
5
10
14
18
12
17
18
19
19
17
15
9
7
10
14
18
5
19
14
18
12
4
5
6
16
11
5
2
5
15
6
11
3
18
14
18
12
13
5
5
19
17
17
18
20
8
17
10
15
11
4
9
2
7
1
5
5
2
17
17
11
18
6
11
8
17
6
19
1
1
6
17
5
3
3
9
12
2
13
6
14
17
12
17
13
4
8
9
6
9
10
18
10
2
12
1
4
14
19
19
17
1
12
19
7
5
19
3
6
16
17
17
10
14
14
17
19
16
12
1
8
15
16
10
7
8
19
10
17
18
16
16
6
20
17
14
9
8
15
12
1
5
12
3
12
2
12
12
20
14

