<<<<<<< HEAD
15
19
17
10
5
3
14
16
13
20
18
16 
9 
5
9
16
10
4
15
7
12
13
12
16
2
20
13
6
3
14
4
16
6
7
19
17
17
18
8
2
9
11
15
1
16
16
6
20
6
12
3
5
10
13
16
13
1
7
19
10
6
7
16
2
15
19
2
1
15
17
5
3
18
5
14
13
14
4
9
17
1
12
15
12
5
12
9
18
6
20
6
2
17
16
6
16
19
2
18
8
=======
<<<<<<< HEAD
15
19
17
10
5
3
14
16
13
20
18
16 
9 
5
9
16
10
4
15
7
12
13
12
16
2
20
13
6
3
14
4
16
6
7
19
17
17
18
8
2
9
11
15
1
16
16
6
20
6
12
3
5
10
13
16
13
1
7
19
10
6
7
16
2
15
19
2
1
15
17
5
3
18
5
14
13
14
4
9
17
1
12
15
12
5
12
9
18
6
20
6
2
17
16
6
16
19
2
18
8
=======
15
19
17
10
5
3
14
16
13
20
18
16 
9 
5
9
16
10
4
15
7
12
13
12
16
2
20
13
6
3
14
4
16
6
7
19
17
17
18
8
2
9
11
15
1
16
16
6
20
6
12
3
5
10
13
16
13
1
7
19
10
6
7
16
2
15
19
2
1
15
17
5
3
18
5
14
13
14
4
9
17
1
12
15
12
5
12
9
18
6
20
6
2
17
16
6
16
19
2
18
8
>>>>>>> f732cf0d32fda9e76cce42a224a92889e43f02e2
>>>>>>> f4e45236cb1afdf97c95264fc0bb85b43b98b34b
