7 7 5
4 1 6
14 9 15
16 1 6
15 3 10
2 13 19
12 12 1
19 18 8
20 2 4
10 15 2
16 3 1
6 14 2
20 16 20
19 18 13
2 2 8
14 14 3
7 14 11
20 16 2
4 16 1
9 5 3
16 5 19
7 12 3
18 16 11
15 8 17
4 20 16
12 20 2
7 10 10
4 9 3
4 8 2
20 6 5
17 9 19
2 7 20
9 18 3
11 15 14
5 2 6
17 11 4
10 4 6
10 16 8
6 9 3
19 4 12
4 7 19
15 5 1
16 10 17
2 3 19
14 19 14
10 2 12
1 8 4
4 11 20
2 13 12
13 17 8
19 11 14
9 15 12
19 10 20
1 10 5
17 7 3
4 8 8
10 15 15
5 2 14
16 13 2
4 14 2
2 6 9
8 5 19
7 18 11
18 8 19
7 3 10
2 11 2
20 6 1
12 16 18
2 2 11
16 3 14
2 12 17
17 9 20
1 4 18
13 3 18
13 10 3
1 9 7
16 7 19
1 3 2
4 16 13
8 5 8
1 2 9
4 14 12
3 11 13
2 7 15
14 19 6
17 7 20
3 15 4
10 16 7
10 19 8
16 3 20
16 3 4
2 8 3
12 12 4
10 6 5
1 11 19
9 19 5
8 13 4
18 1 20
12 9 19
15 12 5
1 1 6
1 20 15
8 20 10
16 12 4
9 13 14
1 6 19
2 10 4
20 11 8
12 4 19
8 12 18
8 13 18
15 20 14
9 16 15
16 12 19
3 4 16
8 1 7
10 9 17
5 17 11
8 3 7
7 14 5
13 6 3
3 1 3
3 14 11
18 7 18
8 10 17
6 7 6
20 13 15
13 5 12
11 6 11
18 4 16
3 3 7
15 15 4
19 10 18
7 16 3
1 13 3
7 7 20
12 16 8
19 20 1
15 8 14
11 15 3
12 16 7
18 13 19
3 2 4
20 8 2
14 9 8
15 13 1
16 15 8
10 12 7
6 17 8
3 18 17
10 7 16
3 6 20
3 2 6
13 3 9
6 4 18
17 13 15
3 16 4
19 2 10
1 16 20
14 13 10
18 3 5
16 6 13
16 18 3
1 8 5
16 4 15
13 13 20
18 11 14
9 8 12
7 4 1
11 3 16
9 14 13
4 15 9
18 14 18
17 13 12
1 2 2
7 19 8
16 13 20
7 15 15
11 19 20
1 14 4
1 12 2
4 1 1
12 2 1
8 19 9
12 10 4
18 14 20
9 10 1
8 6 17
19 3 13
2 7 11
2 1 18
3 4 6
10 10 17
17 20 2
2 20 18
7 10 18
9 3 2
19 11 12
18 10 10
20 7 1
4 13 13
13 3 15
10 9 5
3 16 6
19 17 7
14 2 7
6 7 8
19 11 13
3 15 12
19 13 16
20 14 6
16 7 9
2 6 5
15 10 9
1 15 11
19 2 18
1 18 7
11 7 2
6 1 2
18 4 2
12 4 15
20 11 4
1 2 13
19 7 2
1 16 11
9 18 5
1 15 14
17 11 5
12 5 8
4 17 16
2 5 13
18 18 2
5 8 11
4 17 19
3 15 7
16 4 17
7 12 2
4 5 16
19 19 2
16 7 13
6 18 10
11 20 10
20 17 8
4 17 2
20 19 5
13 9 11
17 20 12
18 6 17
6 10 17
11 4 15
15 19 11
1 18 5
14 5 3
2 12 12
10 16 17
9 8 9
9 14 17
13 6 6
20 3 13
16 20 16
2 6 17
20 16 4
20 9 1
13 7 11
17 14 5
7 15 9
11 11 12
2 10 7
2 14 18
11 10 16
20 16 12
20 12 16
7 14 8
17 9 7
19 2 7
15 5 6
7 8 16
16 1 16
5 8 12
17 8 4
8 15 6
1 16 1
8 16 4
19 20 1
20 6 5
3 4 9
14 17 9
4 2 14
18 9 12
16 13 6
9 16 17
14 1 1
11 14 18
13 20 2
18 9 16
7 12 16
17 19 7
15 16 18
16 4 12
11 18 20
6 4 15
6 16 14
14 13 16
19 2 16
19 13 18
9 9 7
6 11 18
19 12 3
14 15 11
14 6 2
6 6 3
19 11 9
7 8 16
6 16 19
4 6 6
10 16 5
20 20 2
10 4 1
13 19 20
6 1 18
11 15 8
2 13 11
10 19 9
19 4 16
17 18 14
4 19 20
5 1 10
18 17 15
12 14 3
19 14 20
16 4 15
20 7 15
17 11 12
19 14 12
15 6 9
2 16 16
6 20 15
15 4 11
9 19 6
8 20 10
18 2 8
15 12 16
3 10 2
10 17 11
10 19 3
14 14 13
15 20 6
5 11 9
6 13 10
12 5 20
15 12 11
20 20 12
7 14 9
6 9 8
17 13 18
11 19 19
14 4 1
18 12 5
4 6 11
15 6 17
2 14 15
12 20 9
4 18 6
11 13 10
5 13 2
19 11 18
11 9 2
3 13 18
1 9 5
5 11 9
3 4 10
20 3 2
12 18 7
3 18 16
10 9 6
5 18 11
10 1 17
17 1 20
6 20 14
18 18 16
11 1 18
11 15 3
20 11 10
17 7 16
17 20 1
13 3 15
7 1 7
12 18 4
1 9 4
18 20 13
2 18 17
20 7 12
8 12 1
12 14 2
12 11 4
9 15 16
4 15 7
2 7 12
4 13 10
12 7 18
13 12 19
4 16 18
19 18 11
17 13 12
20 12 6
7 4 17
4 18 20
14 7 15
1 20 15
15 4 18
18 2 1
4 7 11
12 14 16
5 12 11
17 18 1
14 16 8
12 18 4
2 13 7
2 4 1
3 20 4
14 9 11
6 18 11
20 9 20
1 4 19
18 8 5
20 10 1
7 15 19
2 16 2
8 4 9
8 14 19
20 4 18
1 10 1
9 3 6
20 9 11
4 6 11
9 5 19
3 10 16
17 17 3
2 10 10
17 18 1
20 7 5
12 20 7
8 1 11
19 14 16
1 6 14
3 16 17
10 16 12
9 5 4
9 1 18
13 14 11
15 2 9
3 3 1
9 5 11
5 14 12
19 7 13
12 5 9
20 5 10
18 16 10
14 8 13
6 16 6
13 4 14
6 13 8
16 12 6
3 19 14
13 5 2
20 3 16
12 1 6
6 8 9
19 1 9
9 5 19
19 5 19
17 3 1
10 7 2
16 11 4
7 4 16
19 7 6
12 11 7
19 16 5
8 18 19
10 18 8
3 13 18
3 18 2
14 18 15
18 11 3
2 5 20
5 8 18
18 1 17
16 2 13
16 6 8
17 14 5
2 17 11
7 16 8
11 11 9
9 1 10
20 12 12
18 6 14
18 1 19
2 17 11
15 11 6
19 12 18