4 5 4 8 7 7
4 4 6 8 12 4
2 4 2 3 11 7
3 10 6 3 5 5
1 10 11 6 8 8
7 7 2 2 6 10
10 4 9 10 9 1
1 4 11 4 4 1
8 7 6 8 11 11
6 7 7 7 6 2
8 5 3 7 2 10
4 10 1 3 12 7
1 5 10 4 12 9
11 11 6 3 5 8
10 9 3 5 12 4
10 3 9 3 12 9
5 5 1 11 1 3
4 2 10 5 7 12
9 12 2 5 6 8
12 7 6 11 7 10
1 1 8 4 5 9
1 7 11 7 5 5
11 10 4 12 4 12
2 3 9 11 7 3
6 5 8 3 11 4
6 12 11 7 10 12
7 12 11 9 2 5
4 9 10 3 4 7
2 7 5 10 9 6
4 6 10 2 3 12
3 2 6 1 10 11
4 3 8 8 10 3
10 5 11 7 8 2
5 5 11 3 7 3
10 9 11 6 2 10
4 8 3 3 12 10
2 2 11 5 11 7
5 5 10 12 3 7
4 2 12 10 5 8
2 10 7 11 4 10
11 10 8 3 5 4
1 6 5 9 5 7
12 3 4 7 4 9
7 3 5 3 4 6
7 10 7 1 12 10
1 2 4 7 1 1
6 12 7 6 4 1
6 10 7 4 9 6
10 6 12 6 3 12
12 5 10 9 12 12
8 7 6 4 7 12
3 12 11 6 11 2
7 2 10 12 6 7
5 5 1 6 9 3
2 3 1 1 2 4
9 6 4 5 3 9
6 3 9 5 9 5
11 4 6 7 3 4
12 7 7 3 2 9
6 11 1 7 9 3