15 7 18
3 7 3
14 13 14
8 12 11
3 4 15
1 18 7
17 6 11
19 4 13
4 4 8
8 18 1
1 12 3
8 20 4
18 1 6
4 14 13
8 8 13
7 13 16
2 10 6
2 18 19
15 20 12
19 4 9
6 12 12
1 14 17
3 16 13
16 15 20
19 15 10
15 6 13
4 3 16
17 20 10
13 18 3
17 18 8
19 6 5
12 16 12
14 6 20
6 15 7
16 1 13
18 6 18
10 6 12
4 14 10
5 11 16
15 2 2
9 11 19
7 6 17
9 15 20
1 4 13
7 8 19
9 11 17
13 3 8
10 2 10
19 17 18
10 6 8
4 15 16
9 7 3
15 17 10
7 20 15
15 18 16
19 19 16
9 19 4
5 12 5
6 5 11
20 14 11
11 2 9
15 17 18
12 9 12
14 10 15
17 14 8
4 17 18
15 12 2
16 8 3
6 9 7
19 12 2
5 3 14
20 8 8
11 6 17
9 17 6
9 7 20
17 20 15
11 13 17
5 6 19
17 1 7
16 14 4
14 1 15
19 13 20
8 8 20
17 15 11
4 14 15
15 16 17
2 8 4
18 13 2
8 9 5
6 14 13
16 12 19
6 7 14
17 9 13
16 20 17
1 14 19
12 12 11
4 20 2
19 4 1
4 12 2
18 18 11
7 17 8
15 8 8
17 8 4
17 10 20
14 2 12
15 4 18
17 13 12
14 20 20
20 2 12
2 6 13
13 2 8
11 16 18
9 15 5
20 8 19
16 9 18
9 5 18
17 8 4
16 6 19
14 4 4
11 18 5
3 11 4
15 7 14
10 6 11
15 16 4
10 4 4
20 5 15
10 4 13
15 6 6
3 4 10
14 16 11
16 3 17
12 6 16
7 17 20
17 3 17
2 3 10
8 6 3
4 3 15
17 5 15
4 11 12
19 1 17
5 12 18
16 9 8
5 11 15
20 20 15
15 11 20
1 11 8
9 8 7
13 3 8
15 6 17
13 6 5
10 1 8
8 6 18
12 2 15
5 7 17
20 6 9
4 11 9
2 3 2
16 14 4
5 8 18
20 19 5
12 8 17
18 15 13
16 3 13
3 18 17
13 9 4
1 18 10
11 5 11
19 20 13
4 9 14
8 4 16
3 12 3
1 10 18
8 10 7
15 1 13
4 20 9
19 20 5
5 3 14
5 15 8
15 9 19
13 11 19
12 2 18
1 4 5
15 7 10
4 14 12
9 17 19
15 4 20
13 15 10
20 12 16
7 3 12
19 4 15
2 18 12
7 10 19
5 2 20
1 3 13
4 16 17
12 19 5
12 20 4
15 16 20
11 8 9
2 13 15
3 2 2
13 12 3
16 17 9
19 17 13
13 11 5
10 17 19
7 15 2
1 10 9
4 6 1
14 17 4
1 13 14
11 16 1
10 1 5
2 18 13
6 5 10
3 10 17
11 4 15
12 6 3
4 10 4
4 3 11
3 8 2
20 12 16
7 10 16
19 20 10
11 17 19
15 2 19
7 5 15
3 13 4
1 9 15
12 11 1
6 2 17
14 3 13
20 9 5
9 6 18
1 1 17
5 2 11
5 17 2
6 7 13
17 4 1
19 4 3
6 2 5
7 20 12
14 20 8
7 18 5
14 4 10
11 2 5
9 3 5
8 1 13
4 18 17
17 11 8
2 15 4
19 20 13
20 5 8
19 20 8
5 9 16
9 3 6
17 14 8
5 18 19
14 17 13
1 15 8
11 6 1
3 3 6
8 3 15
14 2 18
12 17 2
20 6 14
3 13 12
8 20 8
15 3 15
8 13 5
3 12 16
4 9 17
2 15 16
5 3 8
5 14 4
14 9 8
2 12 7
4 15 2
17 13 14
5 18 1
18 4 9
14 6 5
18 6 3
10 6 13
13 18 10
14 6 14
11 2 16
10 6 9
12 20 6
18 20 2
5 13 3
16 8 2
2 13 9
20 4 18
19 2 8
5 7 16
3 19 15
16 2 5
13 2 9
8 17 4
2 1 13
4 8 13
15 18 15
15 16 8
19 1 5
6 19 16
7 11 19
12 15 9
7 2 18
8 10 7
19 11 11
11 1 15
7 16 4
20 1 17
5 4 2
16 6 4
14 13 20
16 16 17
20 12 10
16 5 12
12 18 5
19 17 3
15 2 13
11 17 12
20 6 18
13 17 19
9 6 8
8 9 17
20 13 6
17 10 15
15 16 16
4 14 11
5 10 15
8 9 19
5 17 20
2 4 11
11 1 13
16 14 7
20 14 6
9 7 19
15 15 5
12 2 10
14 10 14
18 10 2
20 3 1
8 1 7
4 4 15
8 12 15
6 8 10
11 11 17
14 13 11
13 20 17
15 15 4
7 10 8
15 16 3
7 7 19
19 17 9
7 1 6
15 3 13
4 12 13
19 17 16
12 3 19
3 6 2
14 1 6
1 3 2
5 5 17
17 3 16
14 19 9
10 18 16
9 19 13
10 14 5
13 4 15
19 20 1
5 11 15
1 14 7
20 11 14
18 13 15
3 15 13
2 3 5
8 15 19
1 11 20
4 10 5
3 1 3
2 8 3
19 7 12
19 3 17
20 11 14
4 10 3
19 20 20
20 13 12
18 10 19
19 9 1
19 16 7
9 14 17
16 17 5
15 5 17
2 12 9
7 6 18
17 4 11
1 16 4
15 1 8
6 9 17
17 4 10
18 20 6
5 6 12
15 18 18
10 1 13
6 13 1
13 19 4
8 14 20
3 17 14
1 12 17
1 8 8
5 10 9
6 13 6
17 15 3
19 9 14
4 16 19
1 6 2
1 11 4
9 9 3
5 9 12
5 4 11
3 19 3
8 10 3
2 18 17
14 9 16
1 20 2
2 12 7
9 7 20
2 1 4
9 6 8
14 2 13
14 10 18
15 13 4
5 14 8
6 17 10
8 20 9
10 18 20
10 10 13
4 2 6
19 3 2
20 18 6
10 6 14
14 17 1
5 14 3
8 2 5
8 1 18
11 3 1
6 15 19
20 16 4
1 14 1
5 11 5
13 15 6
18 9 2
5 19 11
4 15 2
1 12 14
6 18 18
12 3 2
16 15 16
9 2 8
18 6 13
3 1 20
6 14 4
17 20 3
10 6 17
8 3 6
15 4 10
12 16 4
16 4 8
2 16 12
2 16 18
18 7 13
14 18 12
17 13 2
13 19 16
1 15 5
9 20 4
16 20 5
8 15 11
10 16 20
8 14 13
15 3 1
13 5 10
4 1 7
17 14 7
18 16 6
9 5 18
12 17 11
19 3 17
8 13 9
18 16 17
13 3 17
17 3 4
20 17 15
14 14 15
6 12 4
3 5 15
11 14 2
