4
2
8
20
9
17
11
14
12
13
1
20
5
16
19
1
8
2
3
6
11
20
8
5
17
18
3
10
12
11
18
2
3
5
10
5
2
20
10
6
9
12
15
1
18
5
18
13
1
16
16
14
18
2
1
15
1
18
13
8
19
11
10
20
11
5
6
10
19
1
16
18
5
10
12
11
3
16
11
12
9
18
12
17
18
18
5
16
11
3
8
4
6
12
14
7
5
1
17
11
6
7
8
9
20
3
14
14
12
3
7
2
19
12
2
15
20
14
9
15
1
7
10
12
15
16
10
5
10
20
15
10
16
13
2
10
5
8
14
11
20
18
2
17
2
13
10
14
11
19
15
8
15
10
12
5
5
10
3
10
16
6
18
7
11
9
10
17
11
15
4
5
15
17
15
15
12
3
13
9
1
15
3
5
20
20
10
5
11
1
6
16
19
13
10
2
15
20
7
8
5
20
8
11
8
10
13
8
13
13
12
14
4
5
19
18
18
13
19
4
2
20
16
3
11
13
12
2
20
6
3
2
13
10
8
4
4
15
14
12
12
20
12
1
19
13
12
12
3
12
1
15
14
20
11
5
18
2
14
2
4
15
5
20
2
20
14
6
12
19
4
16
9
5
6
12
1
11
12
17
16
20
9
2
2
6
16
15
11
15
7
15
19
18
7
5
2
16
7
6
11
13
9
17
18
15
3
18
8
18
10
8
19
12
4
3
5
14
6
8
15
19
12
19
1
11
13
18
9
15
13
10
9
6
20
10
9
2
13
6
6
15
1
9
13
3
16
5
4
5
17
19
2
1
15
16
15
10
11
18
5
2
17
8
17
5
10
17
16
5
13
18
3
4
1
20
6
7
15
8
5
3
8
14
19
10
5
19
10
3
2
2
20
2
10
4
15
17
15
6
10
17
9
7
10
13
16
11
3
20
17
17
6
13
15
13
8
12
5
9
5
12
17
15
11
5
15
3
2
13
16
16
2
8
7
16
10
3
17
3
19
8
10
18
10
12
10
10
8
16
20
18
17
11
20
15
2
9
17
17
2
6
16
12
20
16
10
7
17
14
13
5
6
10
9
13
13
12
19
11
11
14
16
15
2
3
20
10
19
2
9
8
6
11
19
9
19
8
12
5