16
10
10
8
16
12
1
7
18
12
14
3
8
4
5
10
7
9
8
20
17
8
18
5
3
4
10
7
11
1
12
15
1
5
19
7
19
6
1
1
19
3
12
10
1
8
13
17
13
6
16
13
15
5
11
8
10
20
1
11
18
7
17
10
4
12
3
6
17
9
8
10
11
16
12
2
18
18
13
1
8
15
17
9
20
13
5
6
12
12
9
5
6
5
8
11
15
12
2
16
7
4
17
18
1
16
3
4
14
14
4
18
2
12
17
6
16
8
10
7
4
7
16
3
2
17
20
18
6
19
2
11
19
15
3
16
17
9
15
9
11
9
14
14
3
7
17
8
12
3
16
3
1
6
17
15
6
17
6
8
10
4
6
9
12
4
4
6
8
1
14
4
15
12
14
13
8
4
14
11
18
16
4
16
20
14
9
7
19
6
3
10
4
8
2
7
6
13
13
10
18
16
13
18
18
11
19
1
6
3
8
1
7
3
2
3
3
4
17
14
18
19
18
6
14
14
2
2
12
20
19
3
18
18
12
17
1
14
8
13
19
5
12
14
4
4
19
4
8
12
1
3
5
3
5
7
2
9
4
5
12
15
14
4
15
4
3
15
8
18
1
2
19
6
20
3
12
20
4
8
2
8
11
18
20
10
3
7
8
2
5
3
10
8
18
6
11
1
11
20
7
10
6
13
5
15
8
8
4
12
4
11
10
1
6
6
5
8
5
10
1
11
20
18
1
10
15
1
10
5
1
1
18
11
4
20
11
8
2
12
16
4
12
14
14
12
17
14
4
5
17
9
12
5
5
14
19
20
4
13
1
20
8
4
14
3
7
1
3
19
3
16
9
10
8
4
8
18
1
13
14
8
18
12
1
7
17
20
2
3
2
17
16
20
19
13
18
18
5
14
15
6
17
17
4
5
6
15
16
3
4
6
17
5
4
15
11
9
8
16
13
18
18
15
19
8
17
15
19
3
9
14
10
14
9
19
3
5
19
9
1
4
8
10
19
5
20
5
14
17
3
15
10
18
14
2
20
8
10
9
13
19
16
17
11
14
11
20
13
1
20
15
5
4
6
9
7
4
20
19
16
6
14
9
1
17
7
20
15
7
20
7
10
18
14
3
2
13
16
20
19
19
1
17
5
9
2
8
7
9
9
11
1
19
7
4
9
1
14
6
3
4
4
4
920
2
6
17
12
5
9
20
5
14
12
3
5
18
14
2
2
7
3
10
12
7
16
10
11
12
9
13
18
1
10
4
7
9
11
2
20
12
17
6
17
18
19
16
4
1
20
6
17
13
20
9
19
5
6
16
17
6
18
13
16
8
1
8
20
20
18
10
8
4
19
4
9
11
20
16
3
4
15
20
18
15
20
20
18
8
5
18
14
6
2
9
7
1
20
20
18
9
12
10
11
10
19
9
9
14
9
4
6
6
20
16
9
6
14
15
13
8
16
10
12
9
13
9
20
13
15
7
1
14
19
4
1
9
11
7
5
10
14
16
11
1
20
17
11
9
6
14
2
15
14
19
7
18
12
15
4
18
5
6
4
13
3
2
13
19
11
6
16
10
5
13
9
1
17
20
17
5
18
1
5
3
16
5
11
1
3
13
9
6
5
6
7
4
14
12
13
12
20
9
9
9
18
5
7
8
7
11
11
20
14
9
8
7
6
19
14
16
2
13
16
5
5
6
13
11
9
20
1
6
19
12
18
3
4
3
4
5
16
17
17
12
5
1
5
6
17
14
2
11
5
1
19
20
3
8
7
8
11
18
4
3
16
20
15
7
5
15
6
17
12
3
17
10
20
20
12
16
4
18
18
6
2
18
14
4
16
18
14
1
15
8
12
19
2
18
9
15
17
11
7
1
9
11
8
5
19
13
13
1
15
20
5
3
11
14
20
19
13
11
1
13
12
13
5
1
6
13
11
4
3
18
17
17
13
2
12
6
1
6
3
6
5
3
13
4
13
10
5
1
15
10
10
9
12
14
13
4
5
3
18
1
13
7
10
6
13
9
2
12
13
14
3
3
15
14
10
2
5
20
6
13
13
10
8
18
2
12
10
8
13
6
3
19
15
17
8
13
6
15
7
15
2
9
3
8
7
18
3
17
20
1
20
14
8
16
3
15
18
16
17
18
2
16
6
14
5
20
11
1
18
14
2
1
15
13
6
18
4
18
3
9
7
17
20
10
15
13
3
18
5
19
5
7
2
3
2
18
3
2
4
17
7
3
2
15
17
14
4
10
10
3
4
17
9
9